
strategic_region={
	id=291
	name="STRATEGICREGION_291"
	provinces={
		207 223 236 246 248 274 289 306 323 335 352 354 382 387 398 3210 3219 3226 3247 3263 3278 3279 3297 3306 3308 3313 3333 3335 3345 3362 3364 3377 3390 6233 6242 6243 6249 6252 6273 6293 6304 6305 6326 6344 6354 6355 6365 6386 6387 6411 9247 9253 9254 9261 9272 9301 9318 9323 9331 9351 9353 9371 9382 9386 9396 9399 11220 11230 11234 11235 11241 11254 11259 11271 11284 11290 11300 11336 11353 11355 11369 11383 11384 13736 13737 13738 
	}
	weather={
	}
}
